INFO: 2025-09-17 12:26:57,038: Data
INFO: 2025-09-17 12:26:57,039: Data shape (110527, 14)
INFO: 2025-09-17 12:26:57,054: Percentage of women: 0.653882342398853
INFO: 2025-09-17 12:26:57,064: Percentage of men: 0.346117657601147
ERROR: 2025-09-17 12:28:18,662: Data shape is incorrect!
